F1,1,1,1,1,1,1,0,1,1,1,1,1,0,1,1,1,1,1,1,1,1,0
F1,1,1,1,1,1,1,0,1,1,1,1,1,0,1,1,1,1,1,1,1,1,0
F1,1,0,0,0,1,1,1,1,1,1,1,1,1,1,1,1,1,1,1,1,1,1
F1,1,0,0,0,1,1,1,1,1,1,1,1,1,1,1,1,1,1,1,1,1,1
F1,1,1,1,1,1,1,1,1,1,1,1,1,1,1,1,1,1,1,1,1,1,1
F1,1,1,1,1,1,1,1,1,1,1,1,1,1,1,1,1,1,1,1,1,1,1
F1,0,0,1,1,0,1,1,1,1,1,0,1,1,1,1,1,1,1,1,1,1,1
F1,0,0,1,1,0,1,1,1,1,1,0,1,1,1,1,1,1,1,1,1,0,1
F1,0,0,1,0,1,1,1,0,1,1,1,1,1,1,1,1,1,0,0,1,1,1
F1,0,0,0,1,1,1,1,1,1,1,0,0,1,1,1,1,1,1,1,1,0,1
F1,0,0,0,1,1,1,1,1,1,1,0,0,1,1,1,1,1,1,1,1,1,1
F1,0,0,0,1,1,1,1,1,1,1,0,0,1,1,1,1,1,1,1,1,0,1
F1,1,0,0,0,1,1,1,1,1,1,1,0,1,1,1,1,1,1,1,1,1,1
F1,1,0,0,0,1,1,1,1,1,1,1,0,1,1,1,1,1,1,1,1,1,1
F1,1,0,1,0,1,1,0,1,1,1,1,1,1,1,1,1,0,1,1,0,0,0
F1,1,0,1,0,1,1,0,1,1,1,1,1,1,1,1,1,0,1,1,1,0,0
F1,0,1,1,0,0,1,1,1,1,1,1,1,1,1,1,1,1,1,1,1,1,1
F1,0,1,1,0,0,1,1,1,1,1,1,1,1,1,1,1,1,1,1,1,0,1
F1,1,1,1,0,1,1,1,1,1,1,1,1,1,1,1,1,1,1,1,1,1,0
F1,1,1,1,0,1,1,1,1,1,1,1,1,1,1,1,1,1,1,1,1,1,1
F1,0,1,1,1,0,1,1,1,1,1,1,1,0,1,1,1,1,0,0,1,1,1
F1,1,1,1,1,0,1,1,1,1,1,1,1,1,1,1,1,1,0,0,1,1,1
F1,1,1,0,1,1,0,1,1,1,1,0,1,1,1,1,1,1,1,1,1,1,1
F1,1,1,0,1,1,0,1,1,1,1,0,1,1,1,1,1,0,1,1,1,1,1
F1,1,1,1,1,0,0,1,0,1,0,0,1,1,0,1,1,1,1,1,1,1,0
F1,1,1,1,1,0,0,1,0,1,1,0,1,1,1,1,1,1,1,1,1,0,0
F1,1,1,1,1,1,0,1,1,1,0,1,1,1,1,1,1,1,1,1,1,0,0
F1,1,1,1,1,1,0,1,1,1,1,1,1,1,1,1,1,1,1,1,1,0,0
F1,1,0,1,1,1,1,1,1,1,1,1,1,0,1,1,1,1,1,1,1,1,1
F1,1,0,1,1,1,1,1,1,1,1,1,1,0,0,1,1,1,1,1,1,1,1
F1,1,0,1,1,1,1,1,1,1,1,1,1,1,1,1,1,1,1,1,1,1,1
F1,1,0,1,1,1,1,1,1,1,1,1,1,1,1,0,1,1,1,1,1,1,1
F1,0,0,1,0,1,1,0,1,0,1,1,1,1,1,1,1,0,0,0,1,1,1
F1,0,0,1,0,1,1,0,1,1,1,1,1,1,1,1,1,0,0,0,1,1,1
F1,1,1,1,0,1,1,1,1,1,1,1,1,1,1,1,1,1,1,1,1,0,1
F1,1,1,1,1,1,1,1,1,1,1,1,1,1,1,1,1,1,1,1,1,0,1
F1,1,1,1,0,0,0,0,0,1,1,0,0,1,1,1,1,1,1,1,1,0,0
F1,0,1,1,0,0,0,1,0,1,1,0,0,0,1,1,1,1,1,1,1,0,0
F1,1,1,1,1,0,1,0,1,1,1,1,1,1,1,1,1,0,0,1,1,1,1
F1,1,1,1,1,0,1,0,1,1,1,1,1,1,1,0,1,0,1,1,1,1,1
F1,1,0,1,1,0,1,1,1,1,1,1,0,1,1,1,1,1,1,1,1,1,1
F1,1,0,1,1,1,1,1,1,1,1,1,0,1,1,1,1,1,1,1,1,1,1
F1,1,1,1,0,0,1,1,1,1,1,1,1,1,1,0,1,1,1,1,1,1,1
F1,1,1,0,0,0,1,1,0,1,1,1,1,1,1,1,1,1,1,1,1,1,1
F1,1,0,1,1,1,1,1,1,1,1,1,1,1,0,1,1,0,1,1,1,1,1
F1,1,0,1,1,1,1,1,1,0,1,1,1,1,1,1,1,0,1,1,1,1,1
F1,1,1,1,1,1,0,1,1,1,0,1,1,1,1,1,1,1,1,1,1,1,0
F1,1,1,1,1,1,0,1,1,1,1,1,1,1,1,1,1,1,1,1,1,1,0
F1,1,1,1,0,0,1,1,1,1,1,1,1,1,1,1,1,1,1,1,1,1,1
F1,1,1,1,0,0,1,1,1,1,1,1,1,1,1,1,1,1,1,1,1,1,1
F1,1,1,1,1,0,0,0,1,1,1,1,1,1,1,1,1,1,1,1,1,0,1
F1,1,1,1,1,0,0,0,1,1,1,1,1,1,1,1,1,1,1,1,1,0,1
F1,1,1,1,1,1,1,1,1,1,1,1,1,1,0,1,1,1,0,1,1,1,1
F1,1,1,1,1,1,1,1,1,1,1,1,1,1,1,1,1,1,0,1,1,1,1
F3,1,1,1,1,1,1,1,1,1,1,1,1,1,1,1,1,1,0,1,1,1,1
F3,1,1,1,1,1,1,1,1,1,1,1,1,1,1,1,1,1,0,1,0,1,1
F3,1,1,1,1,1,1,1,1,1,1,1,1,1,1,1,1,1,0,0,1,1,1
F3,1,1,1,0,1,0,1,1,1,1,1,1,1,1,1,1,1,0,0,1,1,1
F3,1,0,1,1,1,1,1,1,1,1,1,1,1,1,1,1,1,0,1,1,0,1
F3,1,0,1,1,1,1,1,1,1,1,1,1,1,1,1,1,1,0,1,1,0,1
F3,0,1,1,1,0,1,1,1,1,1,1,1,1,1,0,1,1,0,1,0,1,1
F3,0,1,1,1,0,1,1,1,1,1,1,1,1,1,1,1,1,0,1,1,1,1
F3,1,1,1,0,1,1,1,1,1,1,1,0,1,1,1,1,1,0,1,1,0,1
F3,0,0,1,0,1,1,1,1,1,1,1,0,1,1,1,1,1,0,1,1,0,1
F3,1,1,1,1,1,1,1,1,1,0,1,1,1,0,1,1,1,0,1,1,1,1
F3,1,1,1,1,1,1,1,1,1,1,1,1,1,0,1,1,1,0,1,1,1,1
F3,1,1,1,1,0,1,1,1,1,1,1,1,1,1,1,1,1,1,1,1,1,1
F3,1,1,0,1,0,1,1,1,1,1,1,1,1,1,1,1,1,1,1,1,1,1
F3,0,1,1,1,0,1,0,1,1,1,1,1,1,1,1,1,1,1,1,1,1,1
F3,0,1,1,1,0,1,0,1,1,1,1,1,1,1,1,1,1,1,1,1,1,1
F3,1,1,1,0,1,1,1,1,1,1,1,1,0,1,1,1,1,1,1,1,1,1
F3,1,1,1,1,1,1,1,1,1,1,1,1,1,1,1,1,1,1,1,1,1,1
F3,1,1,1,0,1,1,1,1,1,1,0,1,1,1,1,1,1,1,1,1,1,1
F3,1,1,1,0,1,1,1,1,1,1,0,1,1,1,1,1,1,1,1,1,1,1
F3,0,1,1,1,0,1,1,1,1,1,1,0,1,1,1,1,1,1,1,1,1,1
F3,0,0,0,1,0,1,1,1,1,1,1,0,1,1,1,1,1,1,1,1,1,1
F3,1,1,1,1,1,1,1,1,1,1,1,1,1,1,1,1,1,0,0,1,1,1
F3,1,1,1,0,1,0,1,1,1,1,1,1,1,1,1,1,1,0,0,1,1,1
F3,1,1,1,1,1,1,1,1,1,1,1,1,0,1,1,1,1,1,1,1,1,1
F3,1,1,1,1,1,1,1,1,1,1,1,1,0,1,1,1,1,1,1,1,1,1
F3,1,1,1,1,0,1,1,1,1,1,1,1,1,1,1,1,1,1,1,1,1,1
F3,1,1,1,1,1,1,1,1,1,1,1,1,1,1,1,1,1,1,1,1,1,1
F3,1,1,1,1,1,1,1,1,1,1,0,1,1,1,1,1,1,1,1,1,1,1
F3,1,1,1,1,1,1,1,1,1,1,0,1,1,1,1,1,1,1,1,1,1,1
F3,1,1,1,0,1,1,1,1,1,1,1,1,1,1,1,1,1,1,1,1,1,1
F3,1,1,1,0,1,1,1,1,1,1,1,0,1,1,1,1,1,1,1,1,1,1
F3,1,1,1,0,1,1,0,1,1,1,1,1,1,1,1,1,1,1,1,1,0,1
F3,1,1,1,0,1,1,0,1,1,1,1,1,1,1,1,1,1,1,1,1,1,1
F3,1,1,1,1,1,1,1,1,1,1,1,1,1,1,1,1,1,1,0,1,1,1
F3,1,1,1,1,1,1,1,1,1,1,1,1,1,1,1,1,1,1,1,1,1,1
F3,1,1,1,1,1,1,1,1,1,0,0,1,1,1,1,1,1,1,1,1,0,1
F3,1,1,0,1,1,1,1,1,1,1,1,1,1,1,1,1,1,1,1,1,0,1
F3,1,1,1,0,1,1,1,1,1,1,1,1,1,1,1,1,1,1,1,1,1,1
F3,1,1,1,0,1,1,1,1,0,1,1,1,1,1,1,0,1,1,1,1,1,0
F3,1,1,1,1,0,1,0,1,1,0,1,1,1,0,1,1,1,0,0,1,1,1
F3,1,1,1,1,1,1,0,1,1,1,1,0,1,1,1,1,1,0,0,1,1,1
F3,1,1,1,1,1,1,1,1,1,1,1,1,1,1,1,1,0,1,1,1,1,1
F3,1,1,1,1,1,1,1,1,1,1,1,1,1,0,1,1,0,1,1,1,1,1
F3,1,1,1,0,1,1,1,1,1,1,1,1,1,1,1,1,1,1,0,0,1,1
F3,1,1,1,1,1,1,1,1,1,1,1,1,1,1,1,1,1,1,0,0,1,1
F3,1,1,1,1,1,1,1,0,0,1,1,1,1,1,1,1,1,0,0,0,1,0
F3,1,1,1,1,1,1,1,0,0,1,1,1,1,1,1,1,1,0,0,0,1,0
F3,1,1,1,0,1,1,1,1,1,1,1,1,1,1,1,1,1,1,0,1,0,1
F3,1,1,1,0,1,1,1,1,1,1,1,1,1,1,1,1,1,0,0,1,0,1
F3,1,1,1,1,1,1,1,1,1,1,1,1,1,1,1,1,1,0,1,1,0,1
F3,1,1,1,0,1,1,1,0,1,1,1,1,1,0,1,1,1,0,1,1,0,1
F3,1,0,1,1,1,1,1,1,1,1,1,0,1,1,1,1,0,0,0,0,0,1
F3,1,0,1,1,1,1,1,1,1,1,1,0,1,1,1,1,0,0,0,1,0,1
F3,1,1,1,0,1,1,1,1,1,1,1,1,1,1,0,1,1,1,1,1,1,1
F3,1,1,1,1,1,1,1,1,1,1,1,1,1,1,1,1,1,1,1,1,1,1
F3,1,1,1,0,1,1,1,1,1,1,1,1,0,1,1,1,1,1,1,1,0,1
F3,1,1,1,0,1,1,1,1,1,1,0,1,0,1,1,1,1,1,1,1,1,1
F3,1,1,1,1,1,1,1,1,1,1,1,1,1,1,0,1,1,0,1,1,1,1
F3,1,1,1,1,1,1,1,1,1,1,1,1,1,1,1,1,1,0,1,1,1,1
F3,1,1,1,1,0,0,1,1,1,1,1,1,1,1,1,1,1,1,0,1,0,0
F3,0,1,1,1,0,0,1,1,1,1,1,1,1,1,1,1,1,1,0,1,0,0
F3,1,0,1,1,1,1,1,1,1,1,1,1,1,1,0,1,0,1,1,1,0,0
F3,1,0,1,1,1,1,1,1,1,1,1,1,1,1,1,0,0,1,1,1,0,0
F3,0,0,1,0,1,1,1,1,0,1,0,1,1,0,0,0,0,1,1,1,1,1
F3,1,1,1,0,1,1,1,1,1,1,0,1,1,1,1,1,1,1,1,1,1,1
F2,0,0,1,1,0,1,1,1,1,1,1,0,1,1,1,1,1,0,1,1,0,0
F2,1,0,1,1,0,1,1,1,1,1,1,0,1,1,1,1,1,0,1,1,0,0
F2,1,1,1,1,1,1,1,1,1,1,1,1,1,1,1,1,1,1,1,1,1,1
F2,1,1,1,1,1,1,1,1,1,1,1,1,1,1,0,1,1,1,1,1,1,1
F2,1,1,1,1,1,1,1,1,1,1,1,1,1,1,1,1,0,1,1,1,0,1
F2,1,0,1,0,1,1,1,1,1,0,1,1,1,1,1,1,1,1,1,1,0,1
F2,1,0,1,1,0,1,1,1,1,1,1,1,1,1,1,1,1,0,1,1,1,0
F2,1,0,1,1,0,1,1,1,1,1,0,1,1,1,1,0,1,0,1,1,1,0
F2,1,1,1,1,0,1,1,0,1,1,1,1,1,1,1,1,1,0,0,0,0,1
F2,1,1,1,1,0,1,1,0,1,1,1,1,1,1,1,1,1,0,0,1,0,1
F2,1,1,1,1,1,1,1,1,1,1,1,1,1,1,1,1,1,0,1,0,1,1
F2,1,1,1,1,1,1,1,1,1,1,1,1,1,1,1,1,1,0,1,0,1,1
F2,0,1,1,1,1,1,1,1,0,1,1,1,1,1,1,1,1,0,0,1,0,0
F2,0,1,1,1,1,1,1,1,1,1,1,1,1,1,1,1,1,0,0,0,0,0
F2,1,1,1,1,1,1,0,1,1,1,1,1,0,1,1,1,1,1,1,1,0,1
F2,1,1,1,1,1,1,1,1,1,1,1,1,0,1,0,0,1,1,1,1,0,1
F2,1,1,1,1,0,1,1,1,1,1,1,1,1,1,1,1,1,1,1,1,1,1
F2,1,1,1,1,1,1,1,1,1,1,1,1,1,1,1,1,1,1,1,1,1,1
F2,1,1,1,1,1,1,1,1,1,1,1,0,1,1,1,1,1,0,0,0,0,1
F2,1,1,1,1,1,1,1,1,1,1,1,0,1,1,1,0,1,0,0,0,0,0
F2,1,1,1,1,1,1,1,1,1,1,0,1,1,1,1,1,1,1,0,1,1,1
F2,1,1,1,1,1,1,1,1,1,1,0,1,1,1,1,1,1,1,1,1,1,1
F2,1,1,1,0,1,1,1,1,1,1,1,0,1,1,1,1,1,1,1,0,1,1
F2,1,1,1,0,1,1,0,1,1,1,1,0,1,1,1,1,1,1,1,0,1,1
F2,1,1,1,1,1,1,1,1,1,1,1,1,1,1,1,1,1,1,1,1,1,1
F2,1,1,1,1,1,1,1,1,1,1,1,1,1,1,1,1,1,1,1,1,1,1
F2,1,0,1,1,0,1,0,1,1,1,1,1,1,1,1,0,1,1,1,1,1,0
F2,1,0,1,1,0,1,1,1,1,1,1,1,0,1,1,1,1,1,1,1,1,0
F2,1,1,1,1,1,1,1,1,1,1,1,1,1,1,1,1,1,1,1,1,1,1
F2,1,1,1,1,1,1,1,1,1,1,1,1,1,1,1,1,1,1,1,1,1,1
F7,1,1,1,1,1,1,1,1,1,1,1,1,1,1,1,1,1,1,1,1,1,1
F7,1,1,1,1,1,1,1,1,1,1,1,1,1,1,1,1,1,1,1,1,1,1
F7,1,1,1,0,1,1,1,1,1,1,1,1,1,1,1,1,1,1,1,1,1,1
F7,1,0,1,1,1,1,1,1,1,1,1,1,1,1,1,1,1,1,1,1,1,1
F7,1,0,0,0,0,1,1,1,0,1,1,1,1,1,1,1,1,1,0,1,1,1
F7,1,0,1,0,0,1,0,1,1,1,1,1,1,1,1,1,1,1,0,0,1,1
F7,1,1,1,1,1,1,1,1,1,1,1,1,1,1,1,1,1,1,1,1,1,1
F7,0,1,1,1,1,1,1,1,1,1,1,1,1,1,1,1,1,1,1,1,1,1
F7,1,1,1,1,1,1,1,1,1,1,0,1,1,1,1,1,1,0,1,1,1,1
F7,1,1,1,1,0,1,1,1,1,1,0,1,1,0,1,1,1,1,1,1,1,1
F7,0,0,1,1,1,1,1,1,1,1,1,1,1,1,1,0,1,1,0,1,0,1
F7,0,0,1,1,1,0,1,1,1,0,1,1,1,1,1,1,1,1,0,0,0,1
F7,1,0,1,0,0,1,1,1,1,1,1,0,1,1,1,1,1,0,0,0,0,0
F7,1,0,1,0,0,1,1,1,1,1,1,0,1,1,1,1,1,1,0,1,1,1
F7,1,0,1,1,1,0,1,0,1,1,1,0,1,1,1,1,1,1,0,1,1,1
F7,0,0,1,1,1,0,1,0,1,0,1,0,0,1,1,1,0,1,0,1,1,1
F7,1,0,1,1,1,1,1,1,1,1,1,1,1,1,1,1,1,1,0,1,1,0
F7,1,1,1,1,1,1,1,1,1,1,1,1,1,1,1,1,1,1,0,1,1,0
F7,0,1,1,0,1,1,1,1,1,1,0,1,1,1,1,1,1,1,1,1,0,1
F7,0,1,1,1,1,1,1,1,1,1,0,1,1,1,1,1,1,1,1,1,0,1
F7,1,1,1,1,1,1,1,1,1,1,1,1,1,1,1,1,1,0,0,1,0,1
F7,0,1,1,1,1,1,1,1,1,1,1,1,1,1,1,1,1,0,0,1,0,1
F7,1,1,1,1,0,0,0,1,1,1,1,1,1,1,1,1,1,1,1,1,1,1
F7,1,1,1,1,0,1,0,1,1,1,1,1,1,1,1,1,1,1,1,1,1,1
F7,1,1,1,1,1,1,1,1,1,1,1,1,1,1,1,1,1,0,1,1,1,1
F7,1,1,1,1,0,1,1,1,1,1,1,1,1,1,1,1,1,0,1,1,1,1
F7,1,1,1,0,1,1,1,1,1,1,1,1,1,1,1,1,1,1,1,1,1,1
F7,1,1,1,1,1,1,1,1,1,1,1,1,1,1,1,1,1,1,1,1,1,0
F7,1,1,1,1,0,1,1,0,1,1,1,0,1,1,1,1,1,1,1,1,1,1
F7,1,1,1,1,1,1,1,0,1,1,1,1,1,1,1,1,1,1,1,1,1,1
F7,0,1,0,0,1,1,1,1,1,1,1,1,1,1,1,1,1,1,1,1,0,0
F7,0,1,0,0,1,1,1,0,1,1,1,1,1,1,1,1,1,1,1,0,0,0
F7,1,0,1,1,1,1,1,1,1,1,0,1,1,1,1,1,1,1,0,1,0,0
F7,1,1,1,1,1,1,1,1,1,1,0,1,1,1,1,1,1,1,0,1,0,1
F7,1,1,1,1,0,1,1,1,1,1,1,1,1,1,1,1,1,1,0,1,0,1
F7,1,1,1,1,0,1,1,1,1,1,1,0,1,1,1,1,1,1,0,1,0,1
F7,1,1,1,1,1,1,1,1,1,1,1,1,1,1,1,1,1,1,1,1,1,1
F7,1,1,1,1,1,0,1,1,1,1,1,1,1,1,1,1,1,1,1,1,1,1
F7,1,1,1,1,0,1,1,1,1,1,1,1,1,1,1,1,1,1,1,1,0,1
F7,1,1,1,1,0,1,1,1,1,1,1,1,1,0,1,1,1,1,1,1,0,1
F7,1,1,0,1,0,1,1,1,1,1,1,1,1,1,1,1,1,0,1,1,0,1
F7,1,1,1,1,1,1,1,1,1,1,1,1,1,1,1,1,1,0,1,1,0,1
F7,1,1,1,1,1,1,1,1,1,1,1,0,1,1,1,1,1,1,0,1,1,1
F7,1,1,1,1,1,1,1,1,1,1,1,0,1,1,1,1,1,1,0,1,1,1
F7,1,1,1,1,1,1,1,1,1,1,1,1,1,1,1,1,1,1,1,1,1,1
F7,1,1,1,1,1,1,1,1,1,1,1,1,0,1,1,1,1,1,1,1,0,1
F7,1,1,1,0,1,1,1,1,0,1,1,0,1,1,1,1,1,1,1,1,1,1
F7,1,1,1,0,1,1,1,1,0,1,1,0,1,1,1,1,1,1,1,1,1,1
F7,1,1,1,1,0,1,1,1,1,1,0,1,1,1,1,1,1,1,1,1,1,1
F7,1,1,1,1,0,1,1,1,1,1,0,1,1,0,1,1,1,0,1,1,1,1
F7,1,1,1,1,1,1,1,1,1,1,1,1,1,1,1,1,1,1,0,1,1,0
F7,1,1,1,0,1,1,1,1,1,0,1,1,1,1,1,1,1,1,0,1,1,0
F7,1,1,1,1,1,1,1,1,1,0,1,1,1,0,1,1,1,1,1,1,1,1
F7,1,1,1,1,1,1,1,1,1,1,1,1,1,1,1,1,0,1,1,1,1,1
F7,1,1,1,0,1,1,1,1,1,1,0,1,1,1,1,1,1,1,1,1,0,1
F7,1,1,1,0,1,1,1,1,1,1,1,1,0,1,1,1,1,1,1,1,0,0
F7,1,1,1,1,1,1,0,1,1,1,1,1,1,1,1,1,1,1,0,1,1,1
F7,1,1,1,1,1,1,0,1,1,1,1,1,1,1,1,1,1,1,0,1,1,1
F7,0,1,1,1,1,1,1,1,1,1,1,1,1,1,1,1,0,1,1,1,1,1
F7,1,1,1,1,1,1,1,1,1,1,1,1,1,1,1,1,0,1,1,0,1,1
F7,1,1,1,1,1,1,1,1,0,1,1,1,1,1,1,1,0,0,0,1,1,1
F7,1,1,1,1,1,1,1,1,1,1,1,1,1,1,1,1,0,0,0,1,1,1
F7,0,1,1,1,1,1,1,1,1,1,1,1,1,1,1,1,1,1,1,1,1,1
F7,0,1,1,1,1,1,1,1,1,1,1,1,1,1,1,1,1,1,1,1,1,0
cF3,1,1,1,1,0,1,1,1,1,1,1,0,1,1,1,1,1,0,1,0,1,1
cF3,1,1,1,1,0,1,1,1,1,1,1,0,1,1,1,1,1,0,1,0,1,1
cF3,0,1,1,1,1,1,1,1,1,1,1,0,1,1,1,1,1,0,0,1,0,1
cF3,0,1,1,1,1,1,0,1,1,1,0,1,1,1,0,1,1,1,1,1,1,1
cF3,0,1,1,1,1,1,1,1,1,1,1,1,1,1,1,1,1,1,1,1,1,1
cF3,1,1,1,1,1,1,1,1,1,1,1,1,1,1,1,1,1,1,0,1,1,1
cF3,1,1,1,1,1,1,1,1,1,0,1,1,1,1,1,1,1,0,1,0,1,1
cF3,1,1,1,1,1,1,1,1,1,0,1,1,1,1,1,1,1,0,1,0,1,1
cF3,1,1,1,1,1,1,1,1,1,1,1,1,1,1,1,1,1,1,1,1,1,1
cF3,1,1,1,1,1,1,1,1,0,1,1,1,1,1,1,1,1,1,1,1,1,1
cF3,1,1,1,0,1,1,1,1,1,1,1,1,1,1,1,1,1,0,1,0,0,1
cF3,1,1,1,0,1,1,1,1,1,1,1,1,1,1,1,1,1,0,1,0,1,1
cF3,1,0,1,0,0,1,1,1,1,1,1,1,1,1,0,1,1,1,1,1,1,1
cF3,1,0,1,0,0,1,1,1,1,1,1,1,1,1,0,1,1,1,1,1,1,1
cF3,1,0,1,1,1,1,1,1,1,1,1,1,1,1,1,1,1,1,1,1,1,1
cF3,1,0,1,1,1,1,1,1,1,1,1,1,1,1,1,1,1,1,1,1,1,1
cF3,1,0,1,1,1,1,0,1,1,1,0,1,1,1,0,1,1,1,1,1,0,1
cF3,1,0,1,1,1,1,0,1,1,1,0,1,1,1,0,1,1,1,1,1,0,1
cF3,0,0,1,1,0,1,1,1,1,1,0,1,1,1,1,1,1,1,1,1,1,1
cF3,0,0,1,1,1,1,1,1,1,1,0,1,1,1,1,1,1,1,1,1,1,1
cF3,1,1,0,1,1,1,1,1,1,0,1,1,1,1,1,1,1,1,1,1,1,1
cF3,1,1,0,1,1,1,1,1,1,1,1,1,1,1,1,1,1,1,1,1,1,1
cF3,1,1,1,0,0,0,1,1,1,1,0,1,1,1,1,1,1,1,0,1,1,1
cF3,1,1,0,1,0,0,1,1,1,1,0,1,1,1,1,1,1,1,0,1,1,1
cF3,0,1,1,0,1,1,1,1,1,1,1,1,1,1,1,1,1,0,1,1,0,0
cF3,0,1,1,0,1,1,1,1,1,1,1,1,1,1,1,1,1,0,1,1,0,0
cF3,1,1,0,1,1,1,1,1,1,1,1,1,1,1,1,1,1,1,1,1,0,1
cF3,1,1,0,1,1,1,1,1,1,1,1,1,1,1,1,1,1,1,1,1,0,1
cF3,1,0,0,1,1,1,1,1,1,1,1,1,1,1,1,1,1,1,1,1,0,1
cF3,1,0,0,1,1,1,1,1,1,1,1,1,1,1,1,1,1,1,1,1,0,1
cF3,1,1,1,0,1,1,0,1,1,1,1,1,1,1,1,1,1,1,1,1,1,1
cF3,1,1,1,0,1,1,0,1,1,1,1,1,1,1,1,1,1,1,1,1,1,1
cF3,1,1,1,1,0,1,1,1,0,1,1,1,1,1,0,1,1,1,1,1,1,1
cF3,1,1,1,1,0,1,1,1,0,1,1,1,1,1,0,1,1,1,1,1,1,1
cF3,1,0,1,1,0,0,1,1,1,1,0,1,1,1,1,1,1,1,0,1,1,1
cF3,1,0,1,1,0,0,1,1,1,1,0,0,1,1,1,1,1,1,0,1,1,1
cF3,0,0,0,1,0,1,0,1,1,1,1,1,1,1,1,1,1,1,0,1,1,1
cF3,0,0,0,1,1,1,0,1,1,1,1,1,1,1,1,1,1,1,0,1,1,1
cF3,1,1,1,1,0,1,1,1,1,1,1,1,1,1,1,1,1,1,0,1,1,1
cF3,1,1,1,1,0,1,1,1,1,1,1,1,1,1,1,1,1,1,0,1,1,1
cF3,1,0,1,0,1,1,1,0,1,1,1,1,1,1,1,1,1,1,1,1,1,1
cF3,1,1,1,0,1,1,1,0,1,0,1,1,1,1,1,1,1,1,1,1,1,1
cF3,1,0,1,1,1,1,1,1,1,1,1,1,1,1,1,1,0,1,0,1,1,1
cF3,1,0,1,1,1,1,1,1,1,1,1,1,1,1,1,1,0,1,0,1,1,1
cF3,1,0,1,1,1,0,0,1,1,1,1,1,1,1,1,1,1,1,1,1,0,0
cF3,1,0,0,1,1,1,1,1,1,1,1,1,1,1,1,1,1,1,1,1,0,0
cF3,1,1,1,1,0,0,1,1,1,1,0,1,1,1,1,1,1,1,0,1,1,1
cF3,1,1,1,1,0,0,1,1,1,1,0,1,1,1,1,1,1,1,0,1,1,1
cF3,1,1,1,1,1,1,1,1,0,1,1,1,1,1,1,1,1,1,1,1,1,1
cF3,1,1,1,1,1,1,1,1,0,1,1,1,1,1,1,1,1,1,1,1,1,1
cF3,1,0,1,1,1,1,1,1,1,1,0,1,1,1,1,1,1,1,1,1,1,1
cF3,1,0,1,1,1,1,1,1,1,1,0,1,1,1,1,1,1,1,1,1,1,1
cF3,1,1,1,1,1,1,1,1,0,1,0,1,1,1,1,1,1,1,1,1,1,1
cF3,1,1,1,1,1,1,1,1,0,1,0,1,1,1,1,1,1,1,1,1,1,1
cF3,1,0,1,0,1,0,1,1,1,1,0,1,1,1,1,1,1,1,1,1,1,1
cF3,1,0,0,0,1,0,1,1,1,1,0,1,1,1,1,1,1,1,1,1,0,1
cF3,1,1,1,1,1,1,1,1,1,0,1,1,1,1,1,1,1,1,1,0,0,0
cF3,1,1,1,1,1,1,1,1,1,1,1,1,1,1,1,1,1,1,1,0,0,0
cF3,1,1,1,1,1,1,1,1,1,1,1,1,1,1,1,1,1,1,1,1,1,1
cF3,0,1,1,1,1,1,1,1,1,1,1,1,1,1,1,1,1,1,1,1,1,1
cF3,0,1,1,1,0,1,1,1,1,1,1,1,1,1,1,1,0,0,0,1,0,0
cF3,0,1,1,1,0,1,1,1,1,1,1,1,1,1,1,1,0,0,0,1,1,0
cF3,0,1,1,1,1,1,1,1,1,1,1,1,1,0,1,1,1,0,0,1,0,1
cF3,0,1,1,1,1,1,1,1,1,1,1,1,1,1,1,1,1,0,0,1,0,1
cF4,1,1,1,0,1,1,1,1,1,1,1,0,1,0,1,1,1,1,1,1,1,1
cF4,1,0,1,0,1,1,1,1,1,1,1,0,1,1,1,1,1,1,1,1,1,1
cF4,1,1,1,1,1,1,0,1,1,1,1,1,1,1,1,1,1,1,1,1,1,1
cF4,1,1,1,1,1,1,0,1,1,1,1,1,1,1,1,1,1,1,1,1,1,1
cF4,1,0,0,0,1,1,1,1,1,1,0,1,1,1,0,1,1,1,0,0,0,1
cF4,1,0,0,0,1,1,1,1,1,1,0,1,1,1,1,1,1,1,0,0,0,1
cF4,1,1,1,1,1,1,0,1,1,1,0,1,1,1,1,1,1,0,1,1,1,1
cF4,1,1,1,1,1,1,1,1,1,1,0,1,1,1,1,1,1,0,1,1,1,1
cF4,1,0,1,1,0,0,1,1,1,1,1,1,0,1,1,1,1,1,1,1,1,1
cF4,1,0,1,1,0,1,1,1,1,1,1,1,0,1,1,1,1,1,1,1,1,1
cF4,1,1,1,1,0,0,1,1,1,1,1,1,1,1,1,1,1,0,0,1,0,0
cF4,1,1,1,1,1,0,1,1,1,0,1,1,1,1,1,1,1,0,0,1,0,0
cF4,1,1,1,1,0,1,1,1,1,1,1,1,1,1,1,1,1,1,1,1,1,0
cF4,1,1,1,1,1,1,1,1,1,1,1,1,1,1,1,1,1,1,1,1,1,0
cF4,1,1,1,1,1,1,1,1,1,1,1,1,1,1,1,1,1,0,0,1,1,1
cF4,1,1,1,1,0,1,1,1,1,1,1,1,1,1,1,1,1,0,0,1,1,1
cF4,1,1,1,1,0,0,1,1,1,1,1,1,1,1,1,1,1,1,1,1,1,1
cF4,1,1,1,1,1,0,1,1,1,1,1,1,1,1,1,1,1,1,1,1,1,1
cF4,1,0,0,1,0,1,1,1,1,1,1,1,1,1,1,1,1,0,1,0,0,0
cF4,1,0,1,1,0,0,1,1,1,1,1,1,1,1,1,1,1,0,1,0,0,0
cF4,1,1,1,1,1,1,1,0,1,1,1,1,1,1,1,0,1,0,0,1,1,1
cF4,1,1,1,1,1,1,1,1,1,1,1,1,1,1,1,1,1,0,0,1,1,1
cF4,1,0,1,0,1,1,1,1,1,1,1,1,1,1,0,1,1,0,0,0,0,0
cF4,1,0,1,0,1,1,1,1,1,1,1,1,1,0,1,1,1,0,0,0,0,0
cF4,1,1,1,0,1,1,1,1,1,1,1,1,1,1,1,0,1,0,0,0,1,1
cF4,1,1,1,0,1,1,1,1,1,1,1,1,1,1,1,1,1,0,0,0,1,1
cF4,0,1,1,0,0,1,1,1,1,1,1,0,0,1,1,1,1,1,1,1,1,1
cF4,0,1,1,0,0,1,1,1,1,1,1,0,0,1,1,1,1,1,1,1,1,1
cF4,0,1,1,1,0,1,1,1,1,1,1,1,1,0,0,1,1,0,0,1,1,1
cF4,1,1,1,1,0,1,1,1,1,1,1,1,1,1,1,1,1,0,0,1,1,1
cF4,1,0,1,0,1,1,1,1,1,1,1,1,1,1,1,1,1,0,1,1,0,0
cF4,1,0,1,0,1,1,1,1,1,1,1,1,1,1,1,0,1,0,1,1,0,0
cF4,1,1,1,1,1,1,1,1,1,1,1,0,1,1,1,1,1,0,0,1,0,1
cF4,1,1,1,1,1,1,1,1,1,1,1,0,1,1,1,1,1,0,0,1,0,1
cF4,0,1,1,1,0,1,1,1,1,1,1,1,1,1,1,1,1,1,1,0,1,1
cF4,0,0,1,1,0,1,1,1,1,1,1,1,1,1,1,1,1,1,1,0,1,1
cF4,0,1,1,1,1,1,1,1,1,1,1,1,1,1,1,1,1,1,1,1,1,1
cF4,0,1,1,1,1,1,1,1,1,1,1,1,1,1,1,1,1,1,1,1,1,1
cF4,1,0,0,1,1,1,0,0,0,0,1,1,1,0,1,1,1,1,0,1,1,1
cF4,1,0,0,1,1,1,1,1,1,1,0,0,1,1,1,1,1,1,0,1,1,1
cF4,1,1,1,0,0,1,1,1,1,1,1,1,1,1,1,1,1,0,0,0,1,1
cF4,1,1,1,0,0,1,1,0,1,1,1,1,1,1,1,1,1,0,0,1,1,1
cF4,1,1,1,1,1,1,1,1,1,1,0,1,1,1,1,1,0,1,0,1,1,1
cF4,1,1,1,1,1,1,1,1,1,1,0,1,1,1,1,1,0,1,0,1,1,1
cF4,1,1,1,1,1,1,1,1,1,1,1,1,1,1,1,1,1,1,1,1,1,1
cF4,1,1,1,1,1,1,1,1,1,1,1,1,1,1,1,1,1,1,1,1,1,1
cF4,1,1,1,0,0,1,1,1,1,1,1,1,1,1,1,1,1,0,1,0,1,1
cF4,1,1,1,0,0,1,1,1,1,1,1,1,1,1,1,1,1,0,1,0,1,1
cF4,0,0,1,1,0,1,1,1,1,0,1,1,1,1,1,1,1,0,0,1,1,1
cF4,1,0,1,0,0,1,1,1,1,1,1,1,1,1,1,1,1,0,0,1,1,1
cF4,1,1,1,1,1,0,0,0,0,1,0,1,1,1,1,1,0,1,1,1,1,0
cF4,1,1,1,1,1,1,1,1,1,1,0,1,1,1,1,1,0,1,1,1,1,0
cF4,1,0,0,1,1,1,1,1,1,1,0,1,0,1,1,1,1,1,1,0,1,1
cF4,1,0,0,1,1,1,1,1,1,1,0,1,0,1,1,1,1,1,1,0,1,1
cF4,0,1,1,1,1,1,1,1,1,1,1,1,1,1,1,0,1,1,1,1,1,1
cF4,1,1,1,1,1,1,1,1,1,1,1,1,1,1,1,1,1,1,1,1,1,1
cF4,1,1,1,1,1,1,1,1,1,1,1,1,1,1,1,1,1,1,1,1,1,1
cF4,1,0,1,1,1,1,1,1,1,1,1,1,1,1,1,1,1,1,1,1,1,1
cF4,1,1,1,0,1,1,1,1,1,1,1,1,1,1,1,1,1,0,0,1,1,1
cF4,1,0,1,0,1,1,1,1,1,1,1,1,1,1,1,1,1,0,1,1,1,1